1000
3000
0
1
351 910
626 862
230 313
727 827
987 470
691 778
829 810
280 353
530 112
595 673
49 428
570 469
285 33
452 738
294 537
298 69
388 848
76 271
570 925
989 766
658 65
589 466
989 763
228 589
223 38
889 864
70 962
648 468
218 165
229 861
877 972
429 263
286 737
578 27
995 224
188 2
170 767
211 649
819 843
215 933
610 999
237 38
971 844
224 671
347 519
101 961
980 153
264 203
265 891
76 657
599 615
607 828
776 456
274 574
860 439
593 96
569 709
239 307
355 33
728 458
720 894
720 890
997 394
762 530
590 115
302 499
46 729
418 424
738 806
679 579
643 212
255 779
722 479
597 128
89 755
368 77
16 202
796 790
781 971
39 528
965 100
53 774
537 91
92 894
202 35
80 694
202 863
143 437
585 474
300 278
152 875
839 106
140 248
587 410
918 606
386 766
461 698
322 19
758 755
361 228
817 205
556 584
406 830
750 790
848 454
140 884
841 531
177 857
22 918
637 275
753 231
959 555
198 193
604 270
198 195
72 233
905 106
322 669
185 832
364 619
855 719
576 242
114 73
354 825
67 114
419 583
8 942
280 459
465 618
8 946
637 876
176 592
566 718
25 548
340 214
199 51
341 245
676 638
975 261
483 290
178 668
830 932
835 925
201 810
434 165
740 19
217 46
140 661
617 180
905 615
923 132
983 260
314 687
970 30
496 394
686 197
913 901
636 517
915 430
482 753
879 244
319 452
699 837
293 66
677 260
160 541
220 129
428 289
118 29
894 703
4 992
762 598
374 934
343 826
912 609
245 319
465 810
912 605
338 366
590 609
712 100
8 498
841 833
161 553
595 492
524 718
576 920
682 317
277 257
417 939
990 616
580 713
271 987
680 660
856 780
269 481
159 773
646 386
804 798
946 277
69 321
686 738
855 288
189 524
867 350
890 983
549 426
392 224
845 764
373 532
289 484
76 846
950 104
407 396
496 805
126 0
695 618
585 648
990 395
647 553
928 548
63 659
423 129
651 51
106 855
682 556
611 977
235 736
352 572
237 574
958 193
866 799
337 625
272 512
618 674
526 754
878 844
304 420
43 727
882 645
466 971
916 553
23 869
152 617
229 526
285 71
524 467
820 87
177 460
893 550
579 522
974 816
180 664
499 949
622 118
682 75
163 90
225 96
851 794
917 228
385 279
353 834
621 57
951 232
693 279
756 97
19 913
110 907
167 787
941 399
449 382
429 631
325 734
178 71
39 868
605 416
281 313
316 557
481 591
871 50
457 555
406 376
20 899
902 866
414 106
202 44
455 56
239 309
180 587
606 804
386 576
766 320
420 1
767 364
345 53
127 29
461 354
726 201
696 287
461 353
487 242
444 733
268 506
487 531
143 718
178 455
121 203
948 612
322 656
619 292
149 247
383 562
334 38
805 285
482 25
301 632
911 283
161 41
956 336
976 667
618 398
950 448
346 952
919 17
208 616
491 218
968 388
729 14
256 250
689 156
15 606
147 689
243 907
462 239
389 231
555 792
242 370
134 551
658 656
47 173
623 731
652 636
970 571
940 56
630 677
319 288
94 314
319 285
312 894
994 861
562 188
705 694
38 940
467 999
869 40
733 798
869 409
778 521
970 406
448 231
880 162
919 560
129 468
310 362
343 964
802 630
128 40
835 53
150 483
810 921
638 321
519 169
635 958
942 953
897 564
819 107
291 971
841 930
194 472
2 432
195 15
489 281
581 919
270 103
158 532
624 846
675 160
291 575
193 319
972 801
56 217
692 98
920 916
456 601
972 806
41 626
91 75
77 660
458 647
430 338
571 627
129 580
227 484
980 521
113 558
587 776
159 120
973 95
365 869
378 644
254 259
986 758
62 836
137 161
299 347
621 617
476 635
840 634
945 273
676 314
979 343
63 462
823 363
971 299
257 513
914 102
824 893
64 982
86 824
937 599
820 777
983 698
808 803
505 741
854 61
660 174
933 15
5 709
920 865
287 892
691 803
11 438
558 725
357 600
822 282
850 718
260 406
210 948
294 57
512 420
73 333
524 320
453 414
868 803
399 31
541 647
148 792
687 730
622 201
952 142
278 982
172 699
838 482
332 155
887 842
336 644
702 264
146 435
846 214
366 707
896 651
709 922
126 991
218 438
496 121
410 117
240 212
721 263
369 310
369 316
3 866
216 783
526 784
418 447
241 962
861 763
87 195
326 774
564 353
964 72
533 587
24 422
449 713
765 77
280 271
300 258
818 362
839 490
107 255
564 683
527 673
757 898
449 573
981 119
774 80
784 337
105 294
384 921
421 153
98 477
790 641
949 25
456 83
715 849
965 542
32 156
126 735
957 717
371 984
424 35
111 483
599 235
526 334
5 867
952 853
651 161
953 46
119 539
688 76
762 912
135 936
672 387
345 222
148 159
805 124
544 273
823 751
118 387
716 941
374 797
879 822
311 783
897 172
805 259
339 475
697 661
156 898
811 201
515 373
540 395
873 391
8 37
347 889
176 337
148 372
402 495
399 890
8 707
891 625
169 690
933 929
357 6
656 190
385 998
44 486
948 905
908 869
61 431
659 216
799 981
130 540
71 542
781 641
228 607
986 341
316 970
661 90
212 144
897 959
594 509
511 848
287 159
647 802
731 523
791 325
716 493
668 640
963 857
371 360
517 682
679 824
662 629
647 372
709 749
365 313
276 828
909 414
535 376
433 153
127 871
188 194
54 177
469 329
910 267
521 675
675 190
682 932
396 29
91 47
37 525
923 809
42 195
344 238
680 992
549 683
55 638
595 343
886 130
999 278
21 13
900 173
809 254
945 248
335 628
645 312
945 244
884 350
927 288
359 210
180 490
596 895
316 159
825 665
138 71
620 659
587 504
774 549
210 319
932 60
932 67
509 35
57 364
847 874
520 338
617 657
60 166
723 320
629 795
214 821
845 346
578 59
852 722
940 909
335 376
213 637
454 923
97 365
336 788
385 213
32 707
920 521
351 892
979 594
610 230
681 905
740 400
699 257
785 385
226 376
609 349
475 437
776 674
9 395
774 940
731 29
318 259
186 716
940 345
166 779
466 84
632 665
225 161
304 643
555 479
263 807
263 469
554 594
861 774
338 838
755 205
798 929
826 747
203 972
136 394
723 532
451 992
113 407
529 500
808 631
706 695
440 737
950 932
943 930
842 132
952 991
82 541
906 444
207 861
906 446
638 47
239 6
282 364
613 280
907 748
203 537
38 708
977 756
282 562
583 896
38 701
257 909
843 508
599 825
381 706
127 481
72 204
911 393
377 601
345 800
205 365
928 824
593 118
188 47
223 418
784 519
361 581
302 280
370 74
561 537
577 252
821 992
560 278
20 47
955 140
872 370
317 530
564 548
205 799
402 313
491 983
753 663
38 890
87 458
762 674
500 419
394 383
200 742
637 621
339 469
320 786
501 195
467 565
975 300
493 353
789 763
405 960
880 490
140 522
642 158
819 759
290 701
659 917
812 42
561 881
697 649
176 626
696 930
501 992
258 13
514 397
474 257
448 213
793 487
183 350
903 735
395 829
509 539
310 764
873 702
619 258
938 454
533 0
623 252
685 712
639 956
694 569
0 778
768 165
291 131
37 731
646 194
616 317
101 59
31 840
27 120
887 515
676 376
349 764
758 188
67 933
583 559
709 446
314 838
348 512
681 179
156 337
415 63
56 234
103 295
521 118
861 21
989 833
960 943
572 206
666 320
355 933
793 420
762 321
987 981
798 691
297 338
85 825
898 132
480 806
745 333
570 970
856 266
925 765
950 152
824 697
726 908
68 274
114 893
554 466
187 315
819 372
945 783
604 601
946 331
272 783
129 378
472 368
966 705
767 98
709 453
609 220
288 531
400 84
453 784
703 325
713 102
768 182
768 181
150 370
333 270
17 521
4 490
40 307
661 568
248 133
926 489
421 713
437 230
940 910
165 486
229 787
189 809
52 879
570 332
834 841
177 805
400 105
130 756
597 257
95 903
373 485
867 519
507 826
757 246
986 822
12 515
612 845
662 102
591 498
883 750
557 246
952 187
23 111
202 16
152 473
427 461
347 56
116 385
838 242
524 294
137 40
939 6
777 309
877 316
883 336
285 766
783 403
226 744
704 820
932 363
122 378
906 271
366 580
859 879
532 715
402 15
45 762
17 812
771 102
272 725
710 368
381 370
849 26
916 283
112 903
798 863
928 213
970 161
719 808
143 381
590 970
324 750
567 92
594 849
301 955
425 13
737 411
541 395
755 941
1 627
824 117
535 922
309 269
327 619
36 919
461 348
283 258
230 710
478 559
239 440
907 643
613 854
190 345
386 923
7 308
268 96
696 659
695 884
242 164
341 522
82 891
695 815
453 386
299 743
212 297
203 365
117 427
414 312
840 344
136 320
503 634
283 314
313 872
217 81
224 902
922 308
974 839
636 822
98 632
367 688
354 464
23 232
737 8
28 374
93 554
188 36
131 423
399 566
780 819
692 610
377 416
636 45
383 190
762 796
69 630
903 723
764 355
356 957
111 913
873 772
532 505
996 480
684 999
159 410
37 729
646 961
686 931
616 71
791 307
625 863
69 27
912 73
571 887
917 904
884 991
900 757
91 869
112 393
972 873
340 747
731 380
329 474
80 834
195 892
349 752
772 146
688 136
194 485
281 643
969 529
501 968
677 358
433 285
672 745
747 986
698 977
96 904
714 411
828 70
77 452
331 568
691 946
398 593
898 859
619 443
514 368
470 662
127 185
300 665
663 877
400 767
37 947
251 56
283 825
761 474
241 577
914 156
708 584
24 744
464 847
997 55
229 765
931 408
771 978
241 173
230 871
844 806
899 260
586 442
885 746
480 557
260 924
881 306
227 276
436 527
342 13
776 650
667 50
453 688
853 937
435 751
798 718
452 343
386 382
646 413
835 716
404 933
262 982
373 599
367 986
532 239
907 839
284 253
933 906
417 159
700 526
945 354
994 912
720 840
325 958
108 658
880 734
529 86
787 381
978 163
852 413
815 386
699 10
583 809
521 76
542 915
317 762
253 972
906 519
690 462
596 853
48 125
351 695
537 264
274 730
554 338
275 48
736 925
948 438
31 735
98 338
924 937
540 883
989 455
255 939
255 938
940 727
615 735
378 336
404 203
531 572
816 228
446 866
786 247
361 874
651 134
365 657
568 147
982 566
662 315
355 86
274 352
389 479
209 793
104 137
440 405
527 535
797 847
381 588
230 728
743 615
455 196
442 174
755 798
782 757
273 152
951 876
132 575
201 661
275 201
697 698
848 284
2 898
977 162
492 207
674 775
152 130
366 952
315 376
317 601
296 358
23 554
146 309
341 504
468 373
756 840
449 966
378 900
500 31
669 311
542 224
506 562
765 191
626 552
327 77
767 480
280 919
555 29
706 48
91 899
878 375
245 166
404 707
657 167
144 743
390 369
31 860
686 923
94 449
711 897
696 919
430 150
626 776
561 119
439 817
86 484
595 203
0 795
87 651
898 49
918 764
167 819
371 150
762 435
766 727
650 691
62 476
670 39
736 459
647 925
926 940
43 175
872 272
760 701
644 595
839 695
367 542
256 789
588 294
573 149
802 769
342 952
761 260
784 754
694 547
13 904
908 388
709 216
339 720
447 267
818 835
997 865
336 978
153 638
391 336
743 268
723 213
452 750
539 758
856 849
580 942
893 652
134 62
586 638
179 336
972 514
629 588
550 243
646 792
700 401
112 436
780 55
686 55
522 704
496 438
437 526
610 509
994 64
973 106
356 960
884 549
777 144
700 47
42 540
881 646
79 881
397 130
260 917
769 345
196 479
61 957
882 105
281 293
290 975
883 510
731 818
33 808
444 617
693 557
723 201
741 827
6 217
610 800
942 448
691 284
441 840
282 74
353 711
210 747
992 729
994 905
655 258
273 743
820 867
583 893
427 685
501 707
721 715
179 156
120 448
162 586
531 346
254 198
26 353
958 270
400 45
429 574
831 430
828 774
336 590
529 887
358 659
88 869
233 180
517 494
638 98
723 735
602 780
832 693
909 931
784 943
948 397
557 602
397 829
717 58
495 999
795 742
239 147
705 39
693 822
729 195
599 822
791 964
185 538
591 120
714 830
302 945
58 323
891 786
617 839
304 745
361 803
509 723
531 638
967 238
941 166
325 230
718 560
231 277
707 544
700 883
100 78
997 247
167 486
175 949
276 290
107 699
863 901
369 668
788 451
322 515
965 346
9 346
402 980
906 491
600 872
598 135
751 329
972 964
175 765
616 199
272 27
723 225
607 449
500 730
250 728
970 90
140 557
705 856
490 521
567 477
77 74
376 332
503 496
640 321
677 800
256 58
783 889
175 386
36 206
222 168
671 776
379 614
310 600
764 732
379 619
190 128
318 843
38 992
144 688
141 30
175 363
131 36
299 304
979 98
610 606
465 875
527 187
602 67
767 498
357 837
416 791
836 534
684 27
509 710
380 706
341 223
236 436
563 388
374 854
638 378
896 872
688 796
233 571
233 570
45 840
100 580
197 456
314 99
114 324
824 909
813 570
744 994
157 807
453 978
37 149
974 188
768 532
575 515
884 833
96 928
0 235
836 845
211 21
245 959
171 831
507 125
969 85
60 976
682 249
220 725
221 165
236 250
406 388
464 623
661 542
601 14
225 337
473 963
512 589
851 885
914 170
572 737
666 204
981 774
747 162
869 692
891 426
800 426
418 71
587 655
565 140
251 74
680 575
94 494
871 993
646 782
427 51
774 691
295 1
113 430
285 644
496 427
691 528
321 196
137 996
588 420
344 169
663 927
899 138
448 978
578 531
884 793
431 990
165 521
24 233
467 87
79 416
467 81
214 914
217 857
68 159
795 785
885 926
652 684
993 747
172 31
612 252
214 312
423 966
108 965
590 769
218 446
79 85
63 897
993 522
512 561
737 840
39 137
350 648
512 568
320 855
703 942
935 964
445 708
734 258
107 994
923 250
121 390
325 338
932 406
310 982
966 766
610 720
230 109
866 903
266 240
467 212
120 270
560 909
99 852
786 264
177 733
593 139
177 736
488 589
81 257
995 613
744 914
223 852
373 157
418 565
815 901
930 597
417 78
99 101
89 434
301 965
261 59
749 828
525 155
248 129
492 824
393 15
312 18
566 788
872 69
850 819
488 476
276 36
473 687
523 334
638 762
710 842
27 827
718 427
829 84
239 12
880 291
923 146
866 455
604 371
366 263
102 970
222 111
297 96
706 989
670 558
119 818
283 581
620 174
410 52
505 738
644 354
836 617
385 943
569 427
105 548
987 576
491 362
872 609
562 679
29 629
85 561
389 632
867 442
975 721
142 871
758 658
755 600
23 374
243 878
380 712
176 961
298 703
868 30
895 709
634 408
316 556
731 862
806 81
906 855
756 835
929 951
876 409
291 260
708 303
379 282
630 340
448 380
477 575
577 548
390 729
3 362
195 511
124 346
174 927
36 631
115 423
257 713
86 206
353 665
146 987
625 545
576 881
0 680
876 538
784 773
900 651
464 633
903 117
516 355
729 376
454 553
562 18
338 735
979 873
403 14
641 367
278 345
303 969
511 503
332 267
95 495
112 894
920 756
926 735
643 676
997 69
719 949
101 503
305 212
109 235
492 497
452 683
0 751
344 798
301 223
558 363
985 494
337 788
699 897
526 615
259 136
586 321
415 190
531 277
523 599
937 193
982 207
756 468
283 903
952 654
982 201
850 170
424 148
10 779
111 895
383 86
928 686
316 842
76 140
76 490
930 814
619 694
302 95
427 316
425 628
129 500
588 434
734 864
398 948
281 384
528 78
721 736
420 334
360 813
179 171
925 242
445 245
427 957
447 750
128 689
769 494
552 980
231 674
81 660
706 27
628 315
166 462
611 295
637 983
642 523
276 318
800 137
317 275
183 460
195 610
934 633
53 267
786 109
263 305
128 462
993 186
112 891
320 664
936 830
705 127
781 209
987 386
843 227
140 375
65 441
987 147
528 23
807 302
966 179
191 133
721 519
303 702
54 458
385 597
324 402
794 377
533 450
978 327
713 550
538 206
566 775
561 583
420 654
978 944
27 817
377 182
907 97
74 969
767 513
971 869
382 633
999 917
381 151
872 457
98 168
678 699
792 330
227 208
688 263
753 986
593 216
132 186
872 678
765 362
854 125
830 823
379 165
548 812
246 661
970 472
921 64
449 61
975 731
354 331
91 5
678 967
339 904
401 914
666 164
161 645
294 957
834 574
643 931
779 441
215 185
352 848
1 536
824 921
944 834
0 434
840 154
854 230
975 429
760 953
634 930
725 587
567 728
790 994
242 479
812 563
638 8
341 813
162 56
304 66
304 62
914 379
345 66
595 321
21 921
665 561
985 247
867 144
827 509
879 224
551 131
192 575
765 786
888 861
455 715
1 222
509 363
3 576
910 552
708 39
851 281
151 841
49 528
257 567
970 905
337 825
41 780
54 883
492 481
832 85
103 175
357 60
10 186
353 100
611 885
879 167
433 318
346 41
103 951
417 994
627 842
618 830
235 488
710 2
925 462
439 49
787 459
884 207
572 8
927 130
724 828
193 907
685 527
911 928
37 830
79 618
273 379
523 272
928 322
436 294
641 717
90 113
833 715
74 622
607 894
74 625
218 665
932 840
528 88
113 892
844 284
286 230
52 227
57 876
610 632
540 15
217 944
603 732
187 13
352 732
421 677
432 875
933 656
487 715
533 536
917 555
995 569
59 292
602 918
585 706
294 566
266 691
747 856
728 113
80 92
121 718
130 38
935 903
367 879
100 362
503 31
671 654
629 1
774 1
726 267
724 752
720 111
788 267
204 858
424 915
612 348
608 777
480 456
252 18
949 868
173 336
619 777
796 671
756 491
406 281
165 275
186 406
850 321
596 254
360 793
385 973
327 483
313 9
457 39
792 895
259 379
347 381
261 241
729 145
573 438
848 377
260 145
288 161
300 154
938 41
39 485
662 199
538 42
550 76
794 362
317 391
955 887
788 466
837 335
815 816
733 626
209 576
93 964
849 706
904 464
269 987
206 502
498 225
636 721
663 586
753 510
624 68
519 56
216 952
33 203
747 94
569 25
120 743
989 99
568 106
446 17
759 974
367 419
996 33
166 739
771 699
460 635
125 686
19 427
23 283
504 927
715 658
639 539
350 478
781 434
515 473
383 785
651 398
546 316
865 887
505 663
926 96
124 746
619 972
257 173
464 495
163 186
159 654
938 932
193 396
660 302
2 929
806 68
87 96
861 772
70 684
402 771
132 247
194 642
590 510
365 561
318 769
408 319
783 211
290 946
819 706
290 233
714 489
462 836
436 621
690 56
66 657
382 888
382 889
502 908
78 674
3 492
290 109
908 503
220 175
393 605
104 187
196 740
222 867
762 28
193 710
577 633
0 590
763 427
743 220
996 279
644 667
196 255
975 960
398 525
645 815
893 699
836 469
711 18
936 97
945 495
613 10
787 199
249 362
967 82
912 499
973 147
296 277
185 993
604 452
665 34
0 775
534 192
61 222
614 738
557 738
172 589
185 971
108 203
532 351
314 812
775 305
714 909
649 471
929 907
916 436
895 949
851 384
39 432
621 788
731 859
581 570
622 283
664 690
828 598
511 166
425 1
594 443
945 386
387 872
620 715
164 258
823 874
82 8
937 288
574 719
927 233
422 815
429 132
76 72
10 971
437 637
285 835
76 832
772 884
75 684
790 14
128 797
372 223
287 506
823 479
126 752
136 325
359 759
726 976
797 750
734 142
699 151
164 180
595 631
555 990
580 913
825 497
843 247
121 876
494 528
554 886
233 308
576 391
262 132
576 154
597 542
512 444
326 665
451 854
861 671
529 196
330 827
304 546
128 400
497 178
934 616
226 617
99 796
669 15
737 41
324 517
838 379
456 67
548 517
921 253
946 557
302 218
611 412
946 808
31 656
266 995
808 76
735 109
815 640
431 728
199 262
695 85
862 731
538 57
695 89
798 999
355 516
964 865
300 831
584 165
392 600
906 210
286 602
326 710
966 686
462 828
111 332
87 225
180 94
485 363
594 425
860 374
872 381
860 378
994 949
206 576
325 674
519 49
880 163
374 409
566 357
767 537
868 442
355 208
398 924
736 825
736 821
261 270
519 883
136 319
735 589
637 541
839 47
674 476
970 75
630 177
147 920
781 157
172 3
171 816
946 705
280 947
379 141
695 249
779 125
866 74
947 610
639 523
767 754
768 911
177 253
148 269
47 90
923 904
124 201
760 572
751 295
722 905
236 457
502 825
875 802
680 115
410 232
840 138
454 438
338 239
490 701
562 283
389 950
894 335
298 468
922 147
725 561
477 986
450 698
896 940
674 307
543 709
266 216
675 918
144 242
891 641
233 933
277 321
526 883
667 495
330 909
616 255
631 303
68 577
291 650
460 861
644 497
644 494
349 194
622 456
901 675
543 676
407 751
418 32
186 154
701 254
67 663
802 392
233 763
18 290
745 233
400 418
195 817
109 24
340 485
433 467
858 217
416 73
680 335
927 933
185 741
982 256
828 746
612 52
454 56
945 775
395 53
854 30
731 840
64 574
236 149
667 233
784 0
79 456
177 897
296 127
898 345
351 362
425 456
475 630
4 623
173 674
339 794
211 145
587 584
262 871
879 64
131 299
546 742
995 492
786 61
947 483
995 495
963 752
539 994
928 766
153 226
866 751
218 222
216 559
783 478
151 888
525 505
644 25
309 831
850 521
95 9
579 985
881 633
79 852
748 467
497 544
313 892
935 729
501 166
255 628
182 624
640 173
290 84
452 107
179 632
779 848
657 260
634 352
62 724
943 422
127 318
557 969
480 474
411 335
360 913
720 759
224 461
569 884
570 36
522 745
756 451
946 833
396 172
230 789
224 199
344 995
9 310
906 87
585 618
268 496
3 836
360 59
735 753
203 916
537 573
769 262
722 428
468 364
248 543
416 613
418 632
195 658
815 870
500 212
410 816
315 394
111 182
827 435
928 991
118 197
33 547
989 212
564 654
15 429
941 594
565 483
994 200
258 495
389 546
984 904
412 471
167 507
313 994
385 654
991 426
542 538
800 813
376 380
484 341
471 176
379 618
234 956
703 58
469 990
247 22
600 954
89 188
222 460
55 761
944 1
919 795
149 202
36 388
394 149
657 289
331 209
759 684
5 221
201 358
696 889
868 296
652 564
140 431
468 83
573 692
312 960
941 921
506 454
23 424
266 88
253 318
72 865
928 559
631 972
19 267
684 852
298 147
772 254
382 202
152 978
949 325
593 99
382 194
67 553
514 90
772 21
202 535
244 243
933 759
125 154
887 413
151 414
61 446
349 206
245 853
38 713
772 607
21 585
475 280
521 515
101 120
518 915
891 997
543 607
408 848
989 927
647 855
624 576
85 327
16 888
802 380
924 178
661 330
270 491
464 93
192 949
352 140
585 846
158 209
287 320
431 120
187 114
475 356
198 29
257 85
459 345
212 765
809 882
344 775
43 603
282 554
230 972
359 283
270 721
185 885
529 756
79 911
652 711
825 10
536 203
846 564
110 632
618 330
721 950
775 745
853 383
937 480
590 718
183 595
529 39
312 656
978 462
597 366
634 213
40 294
138 805
196 545
722 526
578 407
41 754
838 405
614 712
284 888
223 54
882 984
279 150
379 620
76 216
909 954
326 45
309 150
429 202
720 438
816 631
584 294
67 227
720 920
295 12
325 91
358 969
210 985
933 753
657 270
396 168
603 334
552 546
355 686
995 152
948 206
941 324
833 103
833 327
840 907
749 487
576 288
672 836
3 824
868 592
162 31
38 482
321 849
166 298
518 299
563 891
499 622
406 322
250 517
442 709
893 486
178 797
288 197
832 977
455 294
72 677
674 679
541 84
739 988
530 464
585 299
579 880
939 539
721 420
402 73
990 982
725 321
619 555
963 415
32 351
175 524
508 247
375 436
800 821
144 97
87 373
410 27
843 167
763 787
995 59
50 799
276 693
241 993
762 957
826 337
724 470
244 277
133 269
652 771
314 221
499 158
98 582
122 288
20 195
685 60
91 317
546 556
323 801
312 736
483 959
702 938
361 79
930 455
930 451
575 793
399 879
719 698
191 553
133 314
36 448
319 496
107 872
371 890
399 619
650 607
804 170
35 345
659 417
739 365
675 938
455 759
130 144
675 931
689 791
872 918
765 100
964 31
813 469
708 441
683 298
418 884
562 156
912 622
290 484
320 79
856 693
44 134
181 612
56 550
375 409
800 483
151 629
784 984
802 193
114 773
711 803
399 403
999 328
339 886
266 521
195 121
310 357
277 586
17 599
192 445
738 646
481 363
778 476
905 479
484 809
452 873
103 738
482 284
239 711
234 459
191 52
350 620
664 82
158 961
610 411
952 667
350 978
301 17
665 652
772 508
929 953
153 794
633 196
179 95
265 82
531 49
297 387
297 383
12 721
982 435
780 310
689 415
391 413
18 147
235 207
279 497
474 606
453 510
983 771
787 306
614 470
448 860
213 700
590 705
62 626
869 611
699 613
138 31
772 51
550 429
185 303
522 952
522 481
687 670
972 587
373 204
273 234
265 937
952 777
272 153
364 110
616 562
235 8
40 197
554 92
556 974
421 189
421 188
720 396
906 577
894 293
868 854
183 924
391 968
263 602
396 119
870 144
478 668
369 255
181 422
953 302
358 227
162 462
94 32
444 661
444 486
339 159
374 53
83 216
14 566
818 536
573 803
979 480
768 864
574 987
157 0
997 381
59 676
922 427
119 361
752 98
255 519
3 868
701 841
966 308
480 819
902 656
826 785
797 172
416 964
785 41
308 151
309 968
781 942
734 144
533 930
365 18
446 80
387 630
2 813
471 487
541 90
804 330
354 960
326 76
241 555
231 371
971 814
31 596
468 122
780 159
292 5
931 611
509 911
604 32
565 795
261 286
426 793
384 486
8 822
21 591
122 543
120 67
89 238
739 191
146 147
366 373
69 919
977 276
463 390
694 795
222 440
15 93
160 352
855 890
314 239
624 420
473 285
744 43
561 551
170 985
805 911
292 436
404 229
489 26
163 305
407 132
132 280
518 849
680 128
173 219
201 50
988 682
371 406
999 714
415 425
512 908
43 844
924 200
770 338
959 496
477 951
767 716
758 767
181 449
48 438
626 260
385 921
471 159
36 471
855 653
73 65
489 372
683 245
94 370
964 435
161 238
102 263
632 418
732 80
963 952
476 144
492 126
551 148
597 718
666 685
453 875
284 305
360 797
597 447
262 388
432 354
514 442
659 223
813 265
957 15
214 525
914 707
510 558
639 139
898 573
623 163
42 50
279 798
34 251
683 731
150 110
536 357
228 125
669 665
63 333
511 834
436 955
890 534
348 791
521 222
248 179
649 434
521 155
320 618
236 176
580 794
854 91
60 274
191 45
927 670
899 964
744 522
173 646
173 644
90 19
43 667
551 379
905 87
494 187
543 135
12 730
689 8
11 567
279 312
196 586
369 550
